0 -11 -11 -11 0 0 -11 -11 0 -11 -11 0 1 0 -11 -11 -11 -11 -11 -11 -11 -11 -11 -11
22 0 -11 -11 17 -11 0 0 12 -11 -11 -11 -11 0 0 -11 -11 -11 -11 -11 -11 -11 -11 -11
6 -11 0 -11 10 -11 -11 -11 24 -11 0 -11 -11 -11 0 0 -11 -11 -11 -11 -11 -11 -11 -11
2 -11 -11 0 20 -11 -11 -11 25 0 -11 -11 -11 -11 -11 0 0 -11 -11 -11 -11 -11 -11 -11
23 -11 -11 -11 3 -11 -11 -11 0 -11 9 11 -11 -11 -11 -11 0 0 -11 -11 -11 -11 -11 -11
24 -11 23 1 17 -11 3 -11 10 -11 -11 -11 -11 -11 -11 -11 -11 0 0 -11 -11 -11 -11 -11
25 -11 -11 -11 8 -11 -11 -11 7 18 -11 -11 0 -11 -11 -11 -11 -11 0 0 -11 -11 -11 -11
13 24 -11 -11 0 -11 8 -11 6 -11 -11 -11 -11 -11 -11 -11 -11 -11 -11 0 0 -11 -11 -11
7 20 -11 16 22 10 -11 -11 23 -11 -11 -11 -11 -11 -11 -11 -11 -11 -11 -11 0 0 -11 -11
11 -11 -11 -11 19 -11 -11 -11 13 -11 3 17 -11 -11 -11 -11 -11 -11 -11 -11 -11 0 0 -11
25 -11 8 -11 23 18 -11 14 9 -11 -11 -11 -11 -11 -11 -11 -11 -11 -11 -11 -11 -11 0 0
3 -11 -11 -11 16 -11 -11 2 25 5 -11 -11 1 -11 -11 -11 -11 -11 -11 -11 -11 -11 -11 0